start_t=0.0
delta_t=1
end_t=5676.01
write_delta_t=0.0625
debris=3971.1,3971.1,3971.1|5.38108,0,5.38108|0,0,0|0,0,0|2e-5|0.05
acc_config=1,1,1,1,1,1,1,1